Branch: 0               (000)
i       1       8       0
h       1       9       1

Branch: 1               (001)
d       2       184     00
g       3       186     010
c       3       187     011
t       1       183     1

Branch: 2               (010)
o       1       180     0
a       1       181     1

Branch: 3               (011)
        0       3

Branch: 4               (100)
n       1       120     0
p       3       124     100
W       5       128     10100
X       6       130     101010
Y       6       131     101011
k       4       127     1011
<       7       140     1100000
       7       141     1100001
@       7       142     1100010
>       7       143     1100011
T       5       137     11001
&       6       146     110100
~       6       147     110101
^       7       150     1101100
\       7       151     1101101
       7       152     1101110
`       7       153     1101111
y       3       133     111

Branch: 5               (101)
f       3       158     000
v       4       160     0010
.       4       161     0011
w       3       162     010
m       3       163     011

        3       166     100
%       6       172     101000
'       6       173     101001
x       6       174     101010
H       6       175     101011
S       6       178     101100
Q       6       179     101101
I       5       177     10111
r       2       165     11

Branch: 6               (110)
R       6       34      000000
!       6       35      000001
P       6       36      000010
]       6       37      000011
V       6       40      000100
Z       6       41      000101
[       6       42      000110
U       6       43      000111
J       6       48      001000
K       6       49      001001
q       6       50      001010
j       6       51      001011
N       6       54      001100
O       6       55      001101
L       6       56      001110
_       6       57      001111
l       2       27      01
2       6       66      100000
3       6       67      100001
0       6       68      100010
1       6       69      100011
6       6       72      100100
7       6       73      100101
4       6       74      100110
5       6       75      100111
*       6       80      101000
+       6       81      101001
(       6       82      101010
)       6       83      101011
}       6       86      101100
/       6       87      101101
,       6       88      101110
-       6       89      101111
z       6       96      110000
C       6       97      110001
"       6       98      110010
{       6       99      110011
F       6       102     110100
G       6       103     110101
D       6       104     110110
E       6       105     110111
:       6       110     111000
|       6       111     111001
8       6       112     111010
9       6       113     111011
#       6       116     111100
?       6       117     111101
$       6       118     111110
=       6       119     111111

Branch: 7               (111)
u       3       14      000
A       6       20      001000
B       6       21      001001
;       6       22      001010
M       6       23      001011
b       4       17      0011
s       2       13      01
e       1       11      1